198	IGHV3-30/33rn 296 10 
190	IGHV3-30/33rn 296 10 
332	IGHV4-30-2 294 9 
371	IGHV4-34 284 10 
122	IGHV3-15 302 10 
376	IGHV4-34 288 10 
117	IGHV3-15 302 10 
83	IGHV2-5 300 9 
279	IGHV3-53/66 289 9 
455	IGHV5-a 294 10 
329	IGHV4-28 296 10 
22	IGHV1-24 294 9 
309	IGHV3-73 300 8 
383	IGHV4-39 299 10 
227	IGHV3-38 292 8 
45	IGHV1-69 296 10 
459	IGHV6-1 305 9 
206	IGHV3-30/33rn 291 7 
171	IGHV3-30/33rn 296 10 
314	IGHV3-74 294 10 
361	IGHV4-30-4/31 290 10 
378	IGHV4-34 286 7 
424	IGHV4-59/61 299 10 
173	IGHV3-30/33rn 296 10 
205	IGHV3-30/33rn 294 10 
313	IGHV3-74 290 9 
162	IGHV3-30/33rn 290 8 
392	IGHV4-4 288 8 
41	IGHV1-69 294 10 
256	IGHV3-49 294 8 
382	IGHV4-39 299 10 
290	IGHV3-64 296 10 
167	IGHV3-30/33rn 293 9 
72	IGHV2-5 301 10 
233	IGHV3-42 302 10 
43	IGHV1-69 294 10 
65	IGHV1-f 294 10 
418	IGHV4-59/61 287 9 
176	IGHV3-30/33rn 294 10 
261	IGHV3-49 302 10 
161	IGHV3-30/33rn 284 6 
355	IGHV4-30-4/31 287 8 
387	IGHV4-39 290 9 
58	IGHV1-8 296 9 
280	IGHV3-53/66 293 10 
187	IGHV3-30/33rn 295 9 
226	IGHV3-38 292 10 
374	IGHV4-34 288 10 
202	IGHV3-30/33rn 296 8 
169	IGHV3-30/33rn 296 10 
179	IGHV3-30/33rn 290 8 
241	IGHV3-43 295 9 
337	IGHV4-30-4/31 299 10 
429	IGHV4-59/61 287 8 
228	IGHV3-38 286 8 
412	IGHV4-59/61 293 10 
50	IGHV1-69 293 9 
97	IGHV2-70 290 10 
81	IGHV2-5 297 9 
254	IGHV3-48 296 8 
150	IGHV3-23 296 10 
417	IGHV4-59/61 288 10 
391	IGHV4-4 296 10 
289	IGHV3-64 296 10 
120	IGHV3-15 300 9 
267	IGHV3-49 302 10 
197	IGHV3-30/33rn 296 10 
370	IGHV4-34 293 9 
163	IGHV3-30/33rn 296 8 
107	IGHV3-13 293 10 
154	IGHV3-23 294 10 
29	IGHV1-46 296 9 
292	IGHV3-53/66 293 9 
432	IGHV4-59/61 299 10 
415	IGHV4-59/61 288 10 
359	IGHV4-30-4/31 290 10 
293	IGHV3-53/66 293 10 
39	IGHV1-69 296 10 
323	IGHV3-d 288 10 
148	IGHV3-23 296 10 
19	IGHV1-2 290 9 
214	IGHV3-30/33rn 296 10 
46	IGHV1-69 295 8 
115	IGHV3-15 302 10 
225	IGHV3-38 289 9 
104	IGHV2-70 301 10 
192	IGHV3-30/33rn 296 10 
423	IGHV4-59/61 292 9 
247	IGHV3-47 291 10 
125	IGHV3-15 302 8 
441	IGHV5-51 296 10 
354	IGHV4-30-4/31 286 8 
413	IGHV4-59/61 293 10 
166	IGHV3-30/33rn 292 9 
394	IGHV4-4 293 10 
250	IGHV3-47 292 9 
124	IGHV3-15 302 10 
91	IGHV2-70 290 10 
276	IGHV3-53/66 292 9 
434	IGHV4-b 294 9 
128	IGHV3-15 302 10 
103	IGHV2-70 299 9 
215	IGHV3-30/33rn 296 10 
419	IGHV4-59/61 291 10 
427	IGHV4-59/61 299 10 
63	IGHV1-f 294 10 
82	IGHV2-5 290 9 
5	IGHV1-17 292 9 
87	IGHV2-5 301 10 
433	IGHV4-59/61 292 8 
451	IGHV5-78 288 9 
242	IGHV3-43 295 9 
185	IGHV3-30/33rn 296 10 
141	IGHV3-21 296 10 
351	IGHV4-30-4/31 299 10 
454	IGHV5-a 294 10 
317	IGHV3-74 296 10 
259	IGHV3-49 302 10 
121	IGHV3-15 302 10 
64	IGHV1-f 294 10 
204	IGHV3-30/33rn 294 10 
450	IGHV5-51 294 10 
144	IGHV3-22 300 8 
336	IGHV4-30-4/31 296 9 
68	IGHV2-26 301 10 
358	IGHV4-30-4/31 291 9 
384	IGHV4-39 299 10 
209	IGHV3-30/33rn 296 10 
269	IGHV3-49 302 9 
425	IGHV4-59/61 299 10 
98	IGHV2-70 297 10 
193	IGHV3-30/33rn 296 10 
183	IGHV3-30/33rn 296 10 
153	IGHV3-23 294 10 
149	IGHV3-23 294 10 
305	IGHV3-72 302 10 
444	IGHV5-51 296 10 
168	IGHV3-30/33rn 296 9 
123	IGHV3-15 302 10 
101	IGHV2-70 301 10 
466	IGHV7-81 296 9 
430	IGHV4-59/61 293 8 
357	IGHV4-30-4/31 291 10 
130	IGHV3-15 301 8 
324	IGHV3-h 293 10 
388	IGHV4-39 296 9 
85	IGHV2-5 301 10 
180	IGHV3-30/33rn 296 10 
108	IGHV3-13 293 10 
119	IGHV3-15 300 9 
102	IGHV2-70 301 10 
341	IGHV4-30-4/31 291 8 
94	IGHV2-70 290 10 
57	IGHV1-69 296 10 
189	IGHV3-30/33rn 296 8 
30	IGHV1-46 296 10 
453	IGHV5-a 294 10 
297	IGHV3-53/66 291 10 
164	IGHV3-30/33rn 296 9 
243	IGHV3-43 294 10 
136	IGHV3-19 292 9 
408	IGHV4-59/61 291 10 
88	IGHV2-5 301 10 
133	IGHV3-19 296 10 
95	IGHV2-70 290 8 
458	IGHV6-1 305 9 
212	IGHV3-30/33rn 292 9 
368	IGHV4-34 293 8 
442	IGHV5-51 289 8 
349	IGHV4-30-4/31 299 10 
362	IGHV4-30-4/31 290 10 
363	IGHV4-30-4/31 290 10 
275	IGHV3-53/66 293 10 
80	IGHV2-5 299 9 
184	IGHV3-30/33rn 296 10 
10	IGHV1-2 296 10 
55	IGHV1-69 296 10 
322	IGHV3-d 288 10 
181	IGHV3-30/33rn 296 10 
325	IGHV4-28 295 9 
44	IGHV1-69 296 10 
266	IGHV3-49 302 10 
152	IGHV3-23 296 10 
234	IGHV3-42 302 10 
71	IGHV2-5 301 10 
142	IGHV3-21 292 9 
112	IGHV3-13 291 6 
264	IGHV3-49 302 10 
237	IGHV3-42 300 7 
78	IGHV2-5 301 9 
426	IGHV4-59/61 299 10 
139	IGHV3-20 296 10 
416	IGHV4-59/61 288 10 
118	IGHV3-15 302 10 
438	IGHV4-b 294 10 
265	IGHV3-49 295 8 
199	IGHV3-30/33rn 296 10 
69	IGHV2-26 296 7 
76	IGHV2-5 297 10 
278	IGHV3-53/66 293 9 
75	IGHV2-5 297 10 
372	IGHV4-34 284 10 
321	IGHV3-9 298 9 
165	IGHV3-30/33rn 296 10 
295	IGHV3-53/66 293 10 
89	IGHV2-70 301 10 
217	IGHV3-35 296 10 
245	IGHV3-43 294 10 
105	IGHV3-11 296 10 
21	IGHV1-24 296 10 
246	IGHV3-43 289 8 
93	IGHV2-70 290 10 
67	IGHV2-26 301 10 
331	IGHV4-30-2 294 10 
23	IGHV1-3 296 10 
211	IGHV3-30/33rn 296 10 
48	IGHV1-69 296 10 
409	IGHV4-59/61 291 10 
38	IGHV1-69 296 10 
208	IGHV3-30/33rn 296 10 
255	IGHV3-48 294 10 
447	IGHV5-51 292 9 
364	IGHV4-30-4/31 299 10 
96	IGHV2-70 290 10 
138	IGHV3-20 296 9 
350	IGHV4-30-4/31 298 7 
31	IGHV1-46 296 10 
51	IGHV1-69 292 9 
443	IGHV5-51 294 9 
109	IGHV3-13 290 9 
188	IGHV3-30/33rn 293 9 
203	IGHV3-30/33rn 296 10 
448	IGHV5-51 294 10 
140	IGHV3-20 295 8 
407	IGHV4-55 296 10 
40	IGHV1-69 293 9 
327	IGHV4-28 296 10 
369	IGHV4-34 293 10 
224	IGHV3-38 292 10 
86	IGHV2-5 301 10 
174	IGHV3-30/33rn 296 10 
134	IGHV3-19 292 9 
360	IGHV4-30-4/31 290 10 
42	IGHV1-69 294 10 
12	IGHV1-2 296 10 
252	IGHV3-48 296 10 
WRITEDONEFLAG	
