447	IGHD2-2 20 1 
423	IGHD2-2 23 1 
214	IGHD2-15 28 2 
19	IGHD2-21 19 1 
38	IGHD3-10 29 2 
148	IGHD6-13 13 0 
250	IGHD1-20/1-7 13 0 
448	IGHD3-10 26 2 
443	IGHD2-2 25 1 
188	IGHD3-10 22 1 
109	IGHD3-10 30 2 
51	IGHD3-10 27 2 
31	IGHD2-2 29 1 
441	IGHD3-3 28 2 
5	IGHD3-10 20 1 
427	IGHD3-10 21 0 
82	IGHD3-10 28 2 
63	IGHD2-8 26 2 
360	IGHD3-10 23 1 
224	IGHD2-2 24 2 
369	IGHD2-8 26 1 
174	IGHD3-16 34 1 
91	IGHD3-3 20 1 
40	IGHD3-9 23 1 
141	IGHD5-5/5-18 13 0 
12	IGHD2-15 26 2 
241	IGHD3-10 30 2 
76	IGHD3-16 30 1 
429	IGHD2-8 20 0 
69	IGHD2-2 21 0 
438	IGHD6-25 13 0 
199	IGHD2-15 29 2 
202	IGHD3-3 19 0 
118	IGHD2-8 27 2 
150	IGHD3-16 35 2 
417	IGHD2-21 25 2 
75	IGHD3-22 24 2 
228	IGHD5-5/5-18 17 1 
50	IGHD2-2 28 1 
105	IGHD2-2 28 2 
89	IGHD3-10 23 2 
197	IGHD5-12 17 1 
267	IGHD2-2 25 1 
295	IGHD2-15 30 2 
293	IGHD2-8 24 1 
211	IGHD3-10 22 0 
323	IGHD3-3 28 1 
107	IGHD3-22 31 2 
162	IGHD2-15 25 1 
189	IGHD1-1 17 1 
94	IGHD3-3 25 2 
95	IGHD3-22 25 2 
408	IGHD3-10 28 2 
355	IGHD2-8 25 1 
161	IGHD3-3 26 2 
10	IGHD3-3 28 2 
261	IGHD3-10 29 1 
80	IGHD3-3 24 2 
65	IGHD3-10 26 1 
374	IGHD3-16 37 2 
78	IGHD2-2 30 2 
226	IGHD2-21 22 0 
112	IGHD6-13 14 0 
71	IGHD3-3 27 1 
142	IGHD2-2 26 2 
187	IGHD5-24 15 0 
152	IGHD2-8 28 2 
322	IGHD3-22 23 1 
55	IGHD3-3 27 2 
68	IGHD3-22 29 2 
450	IGHD5-5/5-18 13 0 
376	IGHD3-16 30 2 
144	IGHD5-12 18 1 
358	IGHD6-19 18 0 
384	IGHD2-21 19 1 
64	IGHD2-15 27 2 
332	IGHD2-15 23 1 
430	IGHD2-15 21 0 
123	IGHD3-10 19 0 
444	IGHD3-3 30 2 
153	IGHD2-8 27 2 
305	IGHD2-2 24 2 
455	IGHD3-22 31 2 
279	IGHD3-10 17 0 
183	IGHD3-16 33 2 
425	IGHD3-10 23 1 
83	IGHD2-21 22 2 
459	IGHD2-21 16 0 
180	IGHD3-3 28 2 
45	IGHD2-21 25 2 
227	IGHD5-24 19 1 
378	IGHD3-22 24 1 
341	IGHD2-2 20 1 
102	IGHD3-10 21 1 
171	IGHD5-12 18 1 
WRITEDONEFLAG	
